12
0
51
593
239
Dragon1.bmp
1
40
414
480
Dragon2.bmp
2
20
3
470
Dragon3.bmp
3
50
381
227
Dragon4.bmp
4
75
598
460
Dragon5.bmp
5
0
775
3
Dragon6.bmp
6
0
200
355
Dragon7.bmp
7
55
775
108
Dragon8.bmp
8
45
775
470
Dragon9.bmp
9
20
349
3
Dragon10.bmp
10
40
3
3
Dragon11.bmp
11
35
775
273
Dragon12.bmp
21
0
11
0
35
1
11
1
50
2
2
1
34
3
6
1
43
4
9
1
34
5
3
2
43
6
9
2
37.5
7
10
2
34
8
9
3
12
9
10
3
54
10
9
4
0
11
9
5
75
12
3
6
26
13
9
6
100
14
10
6
28.125
15
9
7
96
16
11
7
66
17
11
8
100
18
0
9
15
19
9
10
51
20
9
11
75
